# ID  RA  Dec  zRS  Distance 
344  169.61903  -0.83164227  0.04971086  99.6407965566  
345  168.5802003  0.179014951  0.0389127  71.6593747791  
346  169.3870648  -0.187503376  0.0403385  74.5996267794  
347  169.18054  -0.21329928  0.03950331  72.7087618635  
340  163.29867  0.68898537  0.03753402  73.7285260657  
341  165.63888  0.18729682  0.04979068  103.221004192  
342  165.77745  0.19428669  0.04977782  103.045780238  
343  166.00379  0.18201841  0.0496467  102.469423662  
348  169.39836  0.24985604  0.05322418  109.115661435  
349  169.64924  0.41976742  0.02502942  42.5252494541  
298  217.45755  0.66482078  0.05365314  81.3943150761  
299  217.55201  0.33354607  0.03442752  39.1673383672  
296  216.554085  0.860584511  0.0318209  31.2892448115  
297  217.53452  0.70347221  0.05376692  81.5215999921  
294  170.70658  1.2148558  0.03036951  49.5415317655  
295  172.6222  0.49430438  0.02898348  45.2283626301  
292  170.6986642  1.036065289  0.049627  97.5948196049  
293  170.64974  1.1163089  0.03967798  71.0379620343  
290  169.0503083  1.238488811  0.0456985  88.3422995344  
291  169.03888  0.57352981  0.02892305  49.0066217701  
199  209.8421569  0.206611577  0.0328472  30.7355485514  
198  209.529404  -0.392480484  0.0295801  21.5589185785  
195  204.37721  0.47065076  0.0473003  72.934925037  
194  159.05953  -0.1590316  0.02770622  58.4497795381  
197  208.22692  -1.11463  0.004585617  55.0068388297  
196  206.77119  -0.1011332  0.04641291  70.4444438639  
191  156.68114  1.0061399  0.02164586  52.5584623375  
190  156.71832  0.9297195  0.04191952  91.7603691111  
193  157.39755  0.46179901  0.05095989  114.870267366  
192  156.7839431  0.965620647  0.0344383  73.8815541317  
270  159.8352155  -0.20024833  0.0187012  47.7339862052  
271  163.6086897  0.663734092  0.0374336  73.1575001892  
272  163.53433  0.36103057  0.04774925  99.7523211293  
273  163.55068  0.68461593  0.04267079  86.2346400169  
274  163.75347  0.70527865  0.04942285  103.90396297  
275  163.85478  1.0957353  0.05430352  117.062569352  
276  164.30487  0.63860485  0.03928244  76.8964452602  
277  166.24016  1.0382859  0.04345975  85.3071929686  
278  166.6930157  0.256686967  0.0419564  81.2809324628  
279  166.6386492  0.280020659  0.0422501  82.0836185198  
449  194.83362  9.1867377  0.02786058  17.1539546783  
448  194.775694  9.354159251  0.0540704  93.3742770912  
443  194.9251493  8.936742819  0.0469067  72.0856798915  
442  194.9527054  8.932747334  0.0461593  69.8593635062  
441  194.8944203  8.744477753  0.0464191  70.6862655737  
440  195.0372321  8.690933881  0.0462685  70.2160652049  
447  194.7419098  9.31033029  0.0541161  93.5256866296  
446  195.0329742  8.705639953  0.0459641  69.3099413257  
445  194.8417992  8.918790479  0.0466013  71.2025832507  
444  194.9828482  8.784963774  0.0462283  70.0890215595  
108  170.40174  11.737096  0.03988235  68.5781156067  
109  170.30179  11.914746  0.03990047  68.7030978819  
102  166.20796  12.540352  0.04655071  90.4332702579  
103  166.68971  12.474075  0.04543067  86.9294711189  
100  209.2665563  14.68324453  0.0408674  54.2497892189  
101  165.8471595  12.82056085  0.0464123  90.3950943593  
106  170.15801  11.62778  0.04976758  95.5387202801  
107  170.32458  11.555234  0.04155841  73.0539430767  
104  170.59278  11.67013  0.04998963  95.7514340518  
105  170.6689204  12.025576  0.0399321  68.3929775272  
39  161.26331  14.08039671  0.0339008  64.0715439941  
38  161.8339  14.458055  0.0457918  92.7818990145  
33  161.34963  14.612494  0.03764922  72.5736801123  
32  160.9612441  14.01959006  0.0310625  58.4756562716  
31  160.8212751  13.93156159  0.0328551  62.3402450505  
30  160.8344088  14.32536206  0.0322947  61.1037277174  
37  161.022216  14.00327745  0.0352491  67.381445255  
36  161.2032715  14.23038354  0.0326414  61.4089888963  
35  161.0601755  14.10478203  0.0346723  66.0211305164  
34  161.0863555  14.08446936  0.0325914  61.4550879386  
438  193.2078087  7.132156553  0.0500429  82.2845623734  
439  195.01156  9.4081282  0.05435732  94.1698872346  
436  171.14913  14.414367  0.05186565  100.279058607  
437  193.22779  7.3462331  0.0509332  84.8622709267  
434  169.45238  13.727665  0.0247841  38.3421200372  
435  170.8139936  13.39124556  0.0385303  64.4967522148  
432  169.41408  13.3756  0.04703936  88.5041139607  
433  169.78795  13.548655  0.05089158  98.8231727909  
430  163.90292  14.234473  0.03336952  59.8282281718  
431  164.73001  14.840498  0.03330055  58.6745158952  
339  163.24084  0.54163368  0.03930984  78.163790936  
338  163.1191759  1.061449611  0.039029  77.3866250157  
335  162.5414  0.13758415  0.0501174  107.264679609  
334  162.5257055  0.333251406  0.0403292  81.5592059908  
337  163.32974  1.0526373  0.03730441  72.9908520515  
336  162.4952197  0.32230278  0.0389986  78.3127839842  
331  162.4774224  0.159077953  0.0389644  78.3195770601  
330  162.4215071  0.363097599  0.0386683  77.571395306  
333  162.5949443  0.236391851  0.0394239  79.283271835  
332  162.7165467  0.589277063  0.0391623  78.3555238745  
6  150.67464  12.624392  0.05337581  125.722253147  
99  209.2309  14.142252  0.01502278  24.237598046  
98  209.26866  13.853857  0.03915674  49.2073248564  
91  208.875945  14.80289836  0.0396032  50.3825802817  
90  208.7811315  13.87639404  0.0399999  51.5071914553  
93  208.9511655  14.71397434  0.0407831  53.8873886444  
92  208.8905232  14.76463503  0.0408058  53.9344018991  
95  208.9693485  14.37844598  0.0404303  52.8455489508  
94  208.99228  14.061553  0.04063144  53.4457644388  
97  208.9955575  13.86135977  0.0388879  48.3110437407  
96  208.9946991  14.3871706  0.0516907  82.4399625701  
238  153.35722  -0.78170171  0.04228243  97.1628662692  
239  153.4002  -0.62366728  0.04664776  108.25061493  
234  150.62846  0.30728894  0.03367684  79.5824595482  
235  150.356  0.83320353  0.04603692  109.588949694  
236  150.51703  0.6875303  0.04514595  107.151882417  
237  153.357  -0.90982736  0.04168135  95.7099603504  
230  149.77315  1.204926  0.0463249  110.878134025  
231  150.59395  0.55864539  0.04419884  104.679883301  
232  150.69088  0.53051483  0.0449676  106.549225046  
233  150.63229  0.26111798  0.04374476  103.586905982  
1  150.52024  12.443217  0.05366315  126.708178404  
146  235.3982548  28.04960626  0.0318915  17.3965554267  
147  235.4797528  28.12257583  0.032089  17.4120591385  
144  235.4100742  28.3204649  0.0325989  17.8105442037  
145  235.4278182  28.0710148  0.0333929  19.1247943857  
142  235.4968314  28.24033537  0.0325928  17.8039463853  
143  235.4320643  28.34549891  0.0327561  17.9533852444  
140  235.1249974  28.36570847  0.0299841  16.6174441309  
141  235.2497787  28.14537995  0.0319775  17.5154278572  
148  235.4336427  28.28682284  0.0331135  18.4875565078  
149  235.3441205  28.22975358  0.0320883  17.4291774711  
133  232.42285  28.522239  0.03491478  24.2336454153  
132  181.80182  12.534211  0.04242659  65.0960235111  
131  182.08142  11.503098  0.03028794  33.2671707786  
130  182.0128433  11.23847042  0.0317114  36.6558934312  
137  235.2531365  28.32304918  0.0322266  17.556024168  
136  235.1526536  28.51245801  0.0327536  18.0545290666  
135  231.812807  28.78899215  0.0343554  23.6965988056  
134  232.70022  28.545729  0.03491834  23.932715818  
494  199.2180113  7.259741508  0.0506123  82.8576620693  
495  199.31523  9.4339433  0.05201843  86.5782744601  
139  235.1338609  28.33734765  0.0310897  16.8185146316  
138  235.2149683  28.34102606  0.0328793  18.3315333429  
490  199.1324856  7.000246947  0.0494092  79.2936109198  
491  199.1535746  7.015194549  0.0474542  73.4416845312  
492  199.2601013  7.166195511  0.0478118  74.4920558862  
493  199.1926557  7.219286362  0.050799  83.4267885965  
24  159.150012  13.31283938  0.0328305  64.3227402505  
25  159.10364  13.140859  0.03406547  67.0675400473  
26  159.0470709  13.17369376  0.0333956  65.670108516  
27  158.78872  12.667809  0.05496475  121.183375845  
20  157.2250817  12.62964658  0.0331134  67.2855066229  
21  157.7871275  13.09706542  0.0547657  121.639383206  
22  157.05737  12.970843  0.03194307  64.983821221  
23  159.1153064  13.31595509  0.0329067  64.5248140406  
28  158.4582498  12.87834248  0.0252134  51.6647232125  
29  158.49858  13.357545  0.04755868  101.214843561  
407  167.51747  -0.56651676  0.03963303  74.9123535882  
406  168.23431  -0.90985576  0.03961598  74.2991139038  
405  168.0196835  0.267972818  0.0399589  74.8164207416  
404  167.6808421  1.227744848  0.037714  69.1700848648  
403  167.65884  0.89113194  0.02513688  44.6030938854  
402  167.79204  0.62517505  0.02505315  44.4796130224  
401  167.17042  0.3917855  0.02531278  45.5991960198  
400  167.2849923  0.707279979  0.0385487  71.8672935864  
409  167.86325  -0.28913822  0.04114856  78.2585092212  
408  167.5856408  -0.12230257  0.0482534  97.2581173146  
379  163.0620833  -0.955501958  0.0489904  104.139732199  
378  161.96128  -0.790182  0.05221032  113.957359854  
371  162.3581  -0.56017127  0.05014241  107.81197508  
370  159.2390341  0.229750592  0.0292244  60.7482501513  
373  162.630147  -0.797703001  0.0376332  75.3657839921  
372  162.4400757  -0.838954119  0.0378281  76.0595331033  
375  162.22865  -0.70932096  0.02603709  52.539307299  
374  162.20423  -0.98736956  0.02614697  52.8539646048  
377  162.4655204  0.164234732  0.0395191  79.6907777001  
376  162.3536057  -0.429883596  0.0385065  77.6023675057  
393  164.6316869  0.904620889  0.0400991  78.4575171129  
392  164.5735743  1.141858389  0.0398795  77.8709532037  
88  206.7723245  14.64439605  0.0427561  59.0817246195  
89  208.7116931  14.13621663  0.0510103  81.4963980239  
397  164.8243906  1.153475354  0.0394856  76.6158391902  
396  164.97371  1.0960023  0.04985098  103.676779371  
395  164.13822  0.54568762  0.03828512  74.67747992  
394  164.12939  0.55886399  0.03806753  74.1543412457  
82  205.55326  12.920534  0.04110489  53.9039014279  
181  151.6278849  1.141139409  0.0455989  106.880537028  
80  203.9266454  13.33090812  0.0427826  58.6297243736  
81  205.62648  12.860405  0.0356552  37.7107123558  
86  206.06191  13.871473  0.02162695  6.0693420783  
87  206.25786  13.331248  0.04744174  72.9470048466  
84  205.35374  13.856  0.0239013  5.26893994421  
85  205.3207091  13.77546726  0.04523  66.1515037979  
7  150.9450838  13.39447837  0.0427363  97.243019098  
245  153.50979  -0.89166156  0.0448721  103.623574554  
244  153.5832348  -0.858475159  0.0495739  115.866255252  
247  153.64283  -0.83699538  0.04470693  103.025885659  
246  153.47269  -0.87664087  0.0467645  108.573743264  
241  152.79113  -0.39943123  0.04664793  108.852979512  
240  153.16802  -1.0616722  0.04451234  103.153613562  
243  152.71324  -0.64513111  0.04348949  100.893550368  
242  152.74167  -0.50283064  0.04600343  107.269557972  
249  155.269544  0.68240886  0.0540924  125.63128686  
248  153.93947  0.27631266  0.04546872  104.224080165  
458  195.1927579  7.490448078  0.0482822  76.4515926408  
459  195.67555  8.1645224  0.04883288  77.8168165283  
450  194.727564  9.300917651  0.0540042  93.1967682958  
451  194.56968  8.8575768  0.02750339  16.616039148  
452  194.60374  9.1183293  0.04592363  69.208781582  
453  194.6774523  9.217112514  0.0454653  67.8086862858  
454  194.0944756  9.310431146  0.0536172  92.1899605467  
455  194.68901  9.1524996  0.0462953  70.2832979803  
456  194.6630749  9.243823054  0.0449522  66.2843401287  
457  194.46178  10.707208  0.03715014  43.0101226012  
179  150.97825  0.5826932  0.044733  105.596262754  
178  151.11289  0.5240058  0.04661307  110.329403008  
177  151.03892  0.4248744  0.0476416  113.142778159  
176  151.05978  0.50810176  0.04614044  109.165728749  
175  151.09574  0.51823716  0.0481279  114.323812295  
174  151.08344  0.47663764  0.04550909  107.513676048  
173  150.98446  0.81661237  0.04620731  109.314361769  
172  151.17015  0.36990042  0.04458822  105.081750945  
171  151.0909  0.53420176  0.04717308  111.814484294  
170  151.29172  -1.1362513  0.04635897  110.089712833  
182  152.13042  0.35665617  0.03297864  76.3259034561  
183  154.79134  0.13396091  0.04607654  104.89705329  
180  152.19924  -0.2698308  0.04523472  105.806123978  
2  150.3962328  12.76496611  0.0209562  55.5845508036  
186  155.47169  0.29534091  0.02148222  53.8675880989  
187  155.46497  0.41011418  0.02134296  53.7033795545  
184  155.164213  0.002278444  0.0533902  124.081804133  
185  154.9279636  0.952993809  0.0531495  123.3320813  
188  155.29591  0.03058956  0.0540349  125.68831384  
189  156.85423  1.2417612  0.02206458  52.6993588742  
11  153.87437  13.059055  0.04035212  87.9342924037  
10  153.7129031  13.33870279  0.0391514  85.1479334404  
13  154.1604  13.852258  0.04822463  107.748652857  
12  154.24554  13.399298  0.03245738  69.3025514123  
15  154.53419  12.743342  0.04880247  109.017250724  
14  154.36828  12.897772  0.04886701  109.353870353  
17  155.96871  12.113635  0.04909367  108.286290212  
16  156.058002  12.22490948  0.0534972  120.126057918  
19  157.2294183  12.57999631  0.0331347  67.3332613222  
18  157.2456907  12.4508376  0.0322406  65.4518383109  
62  237.4783863  9.82865051  0.0458336  32.1661574387  
322  159.92876  -0.70793702  0.02719358  56.8669980384  
323  160.44369  -0.60057035  0.03641907  74.850758305  
320  158.37111  -0.86040846  0.04044293  86.9467723098  
321  159.85805  -1.2451182  0.03944447  83.0054211559  
326  160.9254995  -0.921759684  0.0397182  82.3517218021  
327  160.8947661  -0.934240701  0.0387097  79.9303393672  
324  159.8515862  -0.389298558  0.0185562  47.7123117911  
325  160.8104861  -1.087394644  0.0382643  79.0185100577  
328  160.6782133  -0.348292184  0.0187341  47.008995618  
329  160.9382409  -0.423249391  0.0391094  80.6266436528  
201  209.9417284  1.075795503  0.0490064  78.4057734832  
200  209.928063  1.11035922  0.048603  77.1941701826  
203  210.79911  -0.97482068  0.0247677  11.3393952735  
202  211.2192753  -0.611270575  0.0247308  11.349152675  
205  211.1292  -0.75622125  0.0540957  93.2266031743  
204  210.92707  -1.1373815  0.02694167  15.8422472008  
207  145.9696496  0.830923679  0.0363569  90.8184825919  
206  211.10827  -0.35614922  0.04756837  74.6288444166  
209  145.80019  0.41417226  0.02524959  68.8471318556  
208  145.89356  1.0284222  0.05329375  133.93065597  
77  204.59937  14.026876  0.0430956  59.6499767441  
76  200.1899  15.259107  0.02290553  2.1734580059  
75  200.39985  15.321629  0.02206582  4.06608114365  
74  200.15847  14.592569  0.02953613  18.7821019216  
73  242.11786  7.4567608  0.03345593  11.9447929585  
72  242.13001  6.3561222  0.04939973  44.4516521579  
71  241.10945  8.6358774  0.04181174  21.5324453035  
70  238.88732  7.3811851  0.04464837  30.5955032748  
79  203.9562772  13.41753395  0.0422558  57.0545757136  
78  203.9853986  13.34304739  0.0424086  57.5177351047  
8  150.87304  13.103323  0.02772479  64.2068800387  
68  238.71564  7.9489673  0.04503428  31.0994159588  
120  179.58032  11.390988  0.03551906  48.3814910411  
121  180.1191017  12.04246997  0.0432519  68.7432599879  
122  180.209263  12.16763034  0.0401106  59.9452135306  
123  180.2730363  11.84015129  0.0437855  70.144772743  
124  180.1088559  11.99591248  0.0438374  70.3997008302  
125  179.3251  11.655885  0.02130377  25.3929005054  
126  179.75317  12.083806  0.03668709  51.153877008  
127  180.0984568  11.93500481  0.0435647  69.6484260056  
128  181.92463  12.04864  0.02998388  32.6703217977  
129  181.79769  12.454114  0.04251354  65.3509525681  
69  238.82808  7.8408122  0.05057342  46.6851018  
414  171.97675  -1.2257048  0.04205796  77.0358073351  
415  171.10893  -0.42707792  0.04872853  95.3909602934  
416  171.3441  -0.12091952  0.029541  47.9683812008  
417  171.41658  -0.066802983  0.04012571  71.9846900306  
410  170.5812  -0.62087663  0.0401581  73.1637592856  
411  170.3728  -0.58885009  0.04991531  99.4026689911  
412  170.89598  -0.090130957  0.04832833  94.3305442076  
413  170.63028  -0.017128795  0.04074237  74.3127963568  
498  171.4377077  14.67657311  0.0340127  52.727415658  
418  171.4480414  -0.712358533  0.0263045  42.8144115703  
419  171.46708  -0.92255555  0.04103979  74.7164188263  
499  171.49502  15.504376  0.0280097  40.3855231194  
319  225.2025  0.4923975  0.04256609  47.264382939  
318  224.7910419  0.759581858  0.0410678  45.0715350545  
313  220.94264  0.71789708  0.0503807  68.7986316356  
312  220.83067  1.1713897  0.04977832  67.12471552  
311  220.8273712  -1.253467068  0.0497792  69.6778712855  
310  219.37553  -0.84073512  0.05070959  73.3025833545  
317  223.1331098  -0.16634335  0.0424437  50.689201712  
316  223.1998082  0.033096617  0.0443467  53.7273854925  
315  223.39813  -0.4365642  0.04227361  50.3743848061  
314  223.4038329  0.005710703  0.043842  52.546699918  
496  199.35604  9.3221962  0.02196513  4.74225047509  
497  172.04178  14.690255  0.03778081  61.2445459502  
3  150.7656114  12.94995216  0.0356539  80.4505065759  
368  219.5687635  -0.349748026  0.0368981  47.5408758761  
369  158.7107514  0.676396599  0.0320346  66.6428258392  
366  216.8813341  -0.922430345  0.0303446  28.3014928845  
367  216.88066  -0.59100022  0.04957435  74.1068597106  
364  217.44188  -0.15240642  0.03010685  27.8922796835  
365  217.34472  -0.82754393  0.04808114  70.4787293341  
362  217.4243207  0.369021964  0.0537463  81.935614368  
363  217.4341846  0.081278315  0.0546585  84.3835591487  
360  216.1924891  1.170883582  0.0394439  52.3514613997  
361  216.40848  1.0126345  0.05472433  85.1719969762  
380  162.98346  -0.41749728  0.04805402  101.467725224  
381  162.8869645  -1.002885645  0.0373052  74.3982894775  
382  162.9005812  -1.087876085  0.038295  76.7924419885  
383  162.9100373  -1.126171325  0.0381025  76.3359357749  
384  162.7158859  -0.903378296  0.038083  76.3979171483  
385  162.73436  -0.79789964  0.03755802  75.0720056366  
386  162.4724517  -0.39295795  0.0380725  76.4076240584  
387  162.4063318  -0.907113334  0.0383637  77.4156014373  
388  162.65328  -0.83108198  0.03768215  75.4725549001  
389  162.2894743  -0.908574814  0.0380423  76.7706143992  
60  236.9352739  9.017959863  0.051357  48.3962554223  
61  237.0230599  9.118071437  0.0417945  22.2848164862  
258  208.6860479  0.11511675  0.0298284  21.7412774166  
259  209.27672  0.75954513  0.04869257  77.3976554989  
64  237.0972352  9.105044543  0.041736  22.1049155979  
65  237.068204  9.115921767  0.041717  22.0664396406  
66  238.32741  7.5582389  0.04336397  27.2446223669  
67  238.2473387  8.016475108  0.0410322  21.0494880787  
252  205.42577  0.63591717  0.04894651  77.8243631102  
253  205.4958844  0.601476702  0.0476894  74.0709757212  
250  155.6306908  0.693027532  0.0336773  73.6542256936  
251  156.14897  1.1098312  0.02170384  53.1223254715  
256  210.68384  -0.58758386  0.05433095  94.328110832  
257  210.5440941  -0.236196108  0.0442528  64.6169995956  
254  206.80646  -0.67132914  0.04749686  73.804281732  
255  210.90651  -0.1400138  0.04798348  75.7717664943  
500  174.081251  15.49788156  0.0363849  55.6362931062  
469  197.58893  7.9527695  0.04566316  68.1033136392  
468  197.63555  8.5085688  0.03241227  28.8597565608  
465  195.8213072  7.782148701  0.0445504  65.1622595077  
464  195.8977924  7.996851197  0.0463183  70.3357586765  
467  195.9224324  7.515697555  0.0489157  78.1731555941  
466  195.907648  7.90398496  0.0461022  69.7155612343  
461  195.7916174  7.548588711  0.0487514  77.702230165  
460  195.3717941  7.841608011  0.0454477  67.9078155633  
463  195.8816003  7.967971619  0.0465842  71.1362660201  
462  195.6806751  7.672174035  0.0491788  78.9641540418  
168  151.56104  -0.98272919  0.04583225  108.354924158  
169  151.970465  -0.1537837  0.0461193  108.314680758  
164  150.44232  -0.21109708  0.03312969  78.8083320525  
165  150.51385  -0.21379652  0.04516219  107.528495768  
166  150.47062  -0.12517918  0.03283051  78.1044579922  
167  151.64216  -0.88433315  0.04341146  102.013813262  
160  148.97539  0.33293438  0.04747811  115.117421669  
161  149.041  0.32583021  0.03545549  85.3644191118  
162  150.01692  -0.58805614  0.04600773  110.425221274  
163  150.00945  -1.0622464  0.04609136  110.831203097  
9  150.96902  12.883048  0.05220002  122.156731875  
357  215.61509  0.059059204  0.03167036  30.4467801749  
356  171.90895  0.66418945  0.0291669  46.2424394933  
355  172.0683212  0.891327983  0.0398945  70.2931125561  
354  171.4941545  0.821497627  0.0492155  95.8289532664  
353  171.06254  0.41889841  0.03966612  70.9245384715  
352  171.0382557  0.700566972  0.0260055  42.1155499623  
351  170.2000637  0.468571101  0.0241728  40.9416716607  
350  170.10672  1.0668276  0.02303798  39.6823500269  
359  216.5748  0.15433  0.05433347  84.7551534781  
358  216.1382131  1.177316681  0.0387786  50.4027635325  
216  149.44456  0.67282345  0.04660738  112.180210427  
217  149.37023  0.58818421  0.04639048  111.731817116  
214  147.89718  0.43473978  0.02063313  60.467752394  
215  149.53812  0.60086726  0.04669769  112.333193831  
212  147.51314  0.71902039  0.03094283  77.2721542081  
213  147.89586  1.1120728  0.02054176  60.1884418185  
210  145.72946  0.12689565  0.03669919  92.1341604077  
211  146.0209337  0.733534659  0.0361773  90.3779856378  
218  149.4302413  0.689937644  0.0458904  110.328583098  
219  149.55064  0.23722537  0.03502265  83.8296927413  
289  168.9558697  0.860409102  0.0458199  88.9217779124  
288  168.9575052  0.993105729  0.0461249  89.6839491392  
4  150.85092  12.957766  0.03518408  79.2876625017  
281  170.0444  -0.27544492  0.0400801  73.3264798086  
280  168.3664536  -0.056934537  0.0393729  73.1399907599  
283  169.6790312  -0.361661672  0.0405755  74.9957223813  
282  168.98102  -0.773836  0.02725009  46.9692700141  
285  168.86029  0.26984368  0.04394962  84.2892755202  
284  168.74148  0.48968267  0.04916326  98.3682756656  
287  169.1037019  0.781881553  0.0459212  89.0849652922  
286  168.84205  0.11539415  0.02736283  46.8331843447  
263  212.02417  -0.1941604  0.05358892  90.163393838  
262  212.13171  -0.12704596  0.02506297  12.3329263418  
261  212.0855918  -0.675441954  0.052524  88.0554714022  
260  212.0877781  -0.591276309  0.0523256  87.5290016302  
267  158.464007  -0.561364245  0.0313398  66.0322233745  
266  211.68879  -0.59641286  0.05274726  89.114413449  
265  212.1035808  -0.589137031  0.0526762  88.2953563734  
264  212.0066067  -0.225609442  0.0532891  89.5275975251  
269  159.79762  -0.015888204  0.04991302  109.64940975  
268  159.7991301  -0.409475097  0.0187641  47.8544769681  
59  237.032786  9.167134235  0.0390495  16.1701641559  
58  236.9937958  9.159131246  0.0389804  16.0878140973  
55  237.09703  9.837839  0.04008262  17.4133857797  
54  237.16106  9.817032  0.05111079  46.8768193476  
57  237.04894  9.0734947  0.03926871  16.6949753538  
56  237.1960168  9.524059801  0.040181  17.9135476885  
51  237.13583  8.5879281  0.01426534  40.0867504074  
50  236.8653134  8.32118623  0.0412666  22.0338884525  
53  237.07242  9.3985044  0.04042561  18.7035330065  
52  237.11744  9.5355789  0.03693713  12.56575591  
63  237.29432  10.052189  0.05116936  46.7719116047  
115  175.4361058  12.49364471  0.0341751  49.007388734  
114  173.61821  12.451974  0.04124846  68.8801896689  
117  176.39602  12.204941  0.0309458  40.6575211267  
116  175.4787319  12.50853456  0.0344976  49.7373522716  
111  172.10508  12.158667  0.04601798  83.2775679096  
110  169.9242214  11.99014083  0.0398083  68.8454145361  
113  173.73674  13.008795  0.03438968  51.2534323441  
112  171.8816034  12.14287749  0.0459582  83.3226529248  
119  178.74228  12.835974  0.05459871  102.14207546  
118  178.68803  12.959344  0.05462075  102.235601854  
429  163.70822  14.124429  0.0327373  58.6996466516  
428  215.96583  0.83114803  0.03854642  49.7067676272  
421  215.97523  -0.98393717  0.05239152  82.1356945016  
420  214.3830918  1.1408644  0.0543164  87.0926499281  
423  215.84445  -0.93197744  0.0545384  87.3100664704  
422  216.045824  -0.67891005  0.0504737  77.407091322  
425  215.94452  -0.66410701  0.05255749  82.2548547231  
424  216.00782  -0.77357037  0.052235  81.524476771  
427  215.77429  0.81062074  0.05380911  84.0852174658  
426  215.68321  -1.0286977  0.03876558  50.6319168689  
308  216.81292  0.93109224  0.05225234  78.7873589484  
309  217.0188999  1.006276104  0.0256694  17.7090497994  
300  217.56241  0.62139459  0.0262329  19.3645806159  
301  216.8348559  1.025840348  0.0256564  17.4820005058  
302  216.81064  0.99033868  0.05238415  79.0440574997  
303  216.873541  1.055843959  0.0257728  17.7006018347  
304  217.0766874  1.129566613  0.0548844  84.496227498  
305  217.3023063  0.85042783  0.054372  83.1767541499  
306  217.30666  1.0717938  0.03689209  45.7114318833  
307  218.90785  -1.0294385  0.03835317  51.3296524736  
229  150.08223  0.4782499  0.04612698  110.265603407  
228  150.03877  0.19701772  0.04675085  112.041085025  
227  150.08477  0.50597453  0.03316718  79.0371758058  
226  150.13205  0.54897864  0.03252227  77.5939388907  
225  150.06597  0.51724897  0.03290574  78.4952852482  
224  150.1015385  0.70458863  0.0333727  79.388605199  
223  149.65731  0.87075168  0.03902926  92.8084685084  
222  149.91553  0.54105659  0.04483392  107.096419487  
221  149.70775  0.16144659  0.04730976  113.895118838  
220  149.64744  0.57001104  0.04577184  109.813590035  
391  164.35813  -0.71444173  0.05399065  116.4295613  
390  164.30684  -0.8317685  0.03855626  75.7794679313  
151  242.18759  24.20484  0.04089347  17.125048221  
150  242.74847  24.435982  0.03360607  16.0588864726  
153  146.32958  -0.30622363  0.03645184  91.017593781  
152  146.3654064  -0.343547671  0.0524839  131.676092204  
155  146.2318475  0.068224357  0.0216082  63.3312527817  
154  146.05733  -0.097030167  0.03673035  91.9047995073  
157  146.8068  0.66563514  0.0200758  60.8577504978  
156  146.5203177  0.871857262  0.0268083  70.5272018642  
159  148.76194  0.75748407  0.04713756  114.321969355  
158  146.79909  0.70274154  0.03053254  77.2631397633  
83  205.19775  14.024836  0.04265201  58.4244352082  
399  167.14663  0.21605911  0.04209985  81.2022007867  
398  167.16509  0.28432082  0.02485563  45.0865846614  
48  234.68536  9.6142779  0.04389695  28.9785078999  
49  234.4077204  9.314863336  0.0351072  15.5872377307  
46  234.45206  9.316038272  0.0350799  15.5193896192  
47  234.60483  9.6409866  0.05480984  58.7219940063  
44  163.71981  14.423955  0.03323443  59.7296852135  
45  234.7788313  9.296145808  0.0438573  29.0519737058  
42  161.27916  14.313288  0.03736692  72.0044161827  
43  164.40662  14.941084  0.04787067  95.6377320787  
40  161.2197667  14.30747137  0.0327811  61.6780777726  
41  161.3669501  14.27325254  0.0335246  63.1082854992  
5  150.89093  12.694514  0.02275996  56.9745812995  
489  199.1540901  7.08590483  0.0476961  74.1641944039  
488  199.1451298  7.120776699  0.0507537  83.3131150814  
487  199.1150241  7.035102392  0.0505617  82.7443379619  
486  199.1350288  7.032888089  0.052654  89.0029471407  
485  199.2566847  6.357078458  0.0236115  5.33054572436  
484  199.314573  6.401695134  0.0235383  5.18261403528  
483  199.2907  7.1625574  0.05303094  90.0936625691  
482  199.3256931  7.038906498  0.0527597  89.2905858798  
481  199.3422862  6.842144602  0.0517859  86.376324685  
480  199.35533  6.8809183  0.05308791  90.271228763  
472  198.0173769  8.667204168  0.0505324  82.398391493  
473  199.73276  6.5616922  0.04008407  51.324108043  
470  197.738571  8.627347761  0.0521899  87.3888836436  
471  197.9371176  8.751074  0.0510639  83.9774707495  
476  199.70215  6.94319  0.05352129  91.5197588272  
477  199.47355  6.9653348  0.04040961  52.3309176939  
474  199.72198  6.5886549  0.04952318  79.5550646648  
475  199.52506  6.8044252  0.04019268  51.6774786584  
478  199.4564291  7.16729236  0.0498493  80.558302123  
479  199.5264383  7.127233621  0.0502956  81.8842002912  