1  150.52024  12.443217  0.05366315  
4  150.85092  12.957766  0.03518408  
5  150.89093  12.694514  0.02275996  
6  150.67464  12.624392  0.05337581  
8  150.87304  13.103323  0.02772479  
9  150.96902  12.883048  0.05220002  
11  153.87437  13.059055  0.04035212  
12  154.24554  13.399298  0.03245738  
13  154.1604  13.852258  0.04822463  
14  154.36828  12.897772  0.04886701  
15  154.53419  12.743342  0.04880247  
17  155.96871  12.113635  0.04909367  
22  157.05737  12.970843  0.03194307  
25  159.10364  13.140859  0.03406547  
27  158.78872  12.667809  0.05496475  
29  158.49858  13.357545  0.04755868  
33  161.34963  14.612494  0.03764922  
38  161.8339  14.458055  0.0457918  
42  161.27916  14.313288  0.03736692  
43  164.40662  14.941084  0.04787067  
44  163.71981  14.423955  0.03323443  
47  234.60483  9.6409866  0.05480984  
48  234.68536  9.6142779  0.04389695  
51  237.13583  8.5879281  0.01426534  
52  237.11744  9.5355789  0.03693713  
53  237.07242  9.3985044  0.04042561  
54  237.16106  9.817032  0.05111079  
55  237.09703  9.837839  0.04008262  
57  237.04894  9.0734947  0.03926871  
63  237.29432  10.052189  0.05116936  
66  238.32741  7.5582389  0.04336397  
68  238.71564  7.9489673  0.04503428  
69  238.82808  7.8408122  0.05057342  
70  238.88732  7.3811851  0.04464837  
71  241.10945  8.6358774  0.04181174  
72  242.13001  6.3561222  0.04939973  
73  242.11786  7.4567608  0.03345593  
74  200.15847  14.592569  0.02953613  
77  204.59937  14.026876  0.0430956  
81  205.62648  12.860405  0.0356552  
82  205.55326  12.920534  0.04110489  
83  205.19775  14.024836  0.04265201  
84  205.35374  13.856  0.0239013  
86  206.06191  13.871473  0.02162695  
87  206.25786  13.331248  0.04744174  
94  208.99228  14.061553  0.04063144  
98  209.26866  13.853857  0.03915674  
99  209.2309  14.142252  0.01502278  
102  166.20796  12.540352  0.04655071  
103  166.68971  12.474075  0.04543067  
104  170.59278  11.67013  0.04998963  
106  170.15801  11.62778  0.04976758  
107  170.32458  11.555234  0.04155841  
108  170.40174  11.737096  0.03988235  
109  170.30179  11.914746  0.03990047  
111  172.10508  12.158667  0.04601798  
113  173.73674  13.008795  0.03438968  
114  173.61821  12.451974  0.04124846  
117  176.39602  12.204941  0.0309458  
118  178.68803  12.959344  0.05462075  
119  178.74228  12.835974  0.05459871  
120  179.58032  11.390988  0.03551906  
125  179.3251  11.655885  0.02130377  
126  179.75317  12.083806  0.03668709  
128  181.92463  12.04864  0.02998388  
129  181.79769  12.454114  0.04251354  
131  182.08142  11.503098  0.03028794  
132  181.80182  12.534211  0.04242659  
133  232.42285  28.522239  0.03491478  
134  232.70022  28.545729  0.03491834  
150  242.74847  24.435982  0.03360607  
151  242.18759  24.20484  0.04089347  
153  146.32958  -0.30622363  0.03645184  
154  146.05733  -0.097030167  0.03673035  
157  146.8068  0.66563514  0.0200758  
158  146.79909  0.70274154  0.03053254  
159  148.76194  0.75748407  0.04713756  
160  148.97539  0.33293438  0.04747811  
161  149.041  0.32583021  0.03545549  
162  150.01692  -0.58805614  0.04600773  
163  150.00945  -1.0622464  0.04609136  
164  150.44232  -0.21109708  0.03312969  
165  150.51385  -0.21379652  0.04516219  
166  150.47062  -0.12517918  0.03283051  
167  151.64216  -0.88433315  0.04341146  
168  151.56104  -0.98272919  0.04583225  
170  151.29172  -1.1362513  0.04635897  
171  151.0909  0.53420176  0.04717308  
172  151.17015  0.36990042  0.04458822  
173  150.98446  0.81661237  0.04620731  
174  151.08344  0.47663764  0.04550909  
175  151.09574  0.51823716  0.0481279  
176  151.05978  0.50810176  0.04614044  
177  151.03892  0.4248744  0.0476416  
178  151.11289  0.5240058  0.04661307  
179  150.97825  0.5826932  0.044733  
180  152.19924  -0.2698308  0.04523472  
182  152.13042  0.35665617  0.03297864  
183  154.79134  0.13396091  0.04607654  
186  155.47169  0.29534091  0.02148222  
187  155.46497  0.41011418  0.02134296  
188  155.29591  0.03058956  0.0540349  
189  156.85423  1.2417612  0.02206458  
190  156.71832  0.9297195  0.04191952  
191  156.68114  1.0061399  0.02164586  
193  157.39755  0.46179901  0.05095989  
194  159.05953  -0.1590316  0.02770622  
195  204.37721  0.47065076  0.0473003  
196  206.77119  -0.1011332  0.04641291  
197  208.22692  -1.11463  0.004585617  
203  210.79911  -0.97482068  0.0247677  
204  210.92707  -1.1373815  0.02694167  
205  211.1292  -0.75622125  0.0540957  
206  211.10827  -0.35614922  0.04756837  
208  145.89356  1.0284222  0.05329375  
209  145.80019  0.41417226  0.02524959  
210  145.72946  0.12689565  0.03669919  
212  147.51314  0.71902039  0.03094283  
213  147.89586  1.1120728  0.02054176  
214  147.89718  0.43473978  0.02063313  
215  149.53812  0.60086726  0.04669769  
216  149.44456  0.67282345  0.04660738  
217  149.37023  0.58818421  0.04639048  
219  149.55064  0.23722537  0.03502265  
220  149.64744  0.57001104  0.04577184  
221  149.70775  0.16144659  0.04730976  
222  149.91553  0.54105659  0.04483392  
223  149.65731  0.87075168  0.03902926  
225  150.06597  0.51724897  0.03290574  
226  150.13205  0.54897864  0.03252227  
227  150.08477  0.50597453  0.03316718  
228  150.03877  0.19701772  0.04675085  
229  150.08223  0.4782499  0.04612698  
230  149.77315  1.204926  0.0463249  
231  150.59395  0.55864539  0.04419884  
232  150.69088  0.53051483  0.0449676  
233  150.63229  0.26111798  0.04374476  
234  150.62846  0.30728894  0.03367684  
235  150.356  0.83320353  0.04603692  
236  150.51703  0.6875303  0.04514595  
237  153.357  -0.90982736  0.04168135  
238  153.35722  -0.78170171  0.04228243  
239  153.4002  -0.62366728  0.04664776  
240  153.16802  -1.0616722  0.04451234  
241  152.79113  -0.39943123  0.04664793  
242  152.74167  -0.50283064  0.04600343  
243  152.71324  -0.64513111  0.04348949  
245  153.50979  -0.89166156  0.0448721  
246  153.47269  -0.87664087  0.0467645  
247  153.64283  -0.83699538  0.04470693  
248  153.93947  0.27631266  0.04546872  
251  156.14897  1.1098312  0.02170384  
252  205.42577  0.63591717  0.04894651  
254  206.80646  -0.67132914  0.04749686  
255  210.90651  -0.1400138  0.04798348  
256  210.68384  -0.58758386  0.05433095  
259  209.27672  0.75954513  0.04869257  
262  212.13171  -0.12704596  0.02506297  
263  212.02417  -0.1941604  0.05358892  
266  211.68879  -0.59641286  0.05274726  
269  159.79762  -0.015888204  0.04991302  
272  163.53433  0.36103057  0.04774925  
273  163.55068  0.68461593  0.04267079  
274  163.75347  0.70527865  0.04942285  
275  163.85478  1.0957353  0.05430352  
276  164.30487  0.63860485  0.03928244  
277  166.24016  1.0382859  0.04345975  
281  170.0444  -0.27544492  0.0400801  
282  168.98102  -0.773836  0.02725009  
284  168.74148  0.48968267  0.04916326  
285  168.86029  0.26984368  0.04394962  
286  168.84205  0.11539415  0.02736283  
291  169.03888  0.57352981  0.02892305  
293  170.64974  1.1163089  0.03967798  
294  170.70658  1.2148558  0.03036951  
295  172.6222  0.49430438  0.02898348  
297  217.53452  0.70347221  0.05376692  
298  217.45755  0.66482078  0.05365314  
299  217.55201  0.33354607  0.03442752  
300  217.56241  0.62139459  0.0262329  
302  216.81064  0.99033868  0.05238415  
306  217.30666  1.0717938  0.03689209  
307  218.90785  -1.0294385  0.03835317  
308  216.81292  0.93109224  0.05225234  
310  219.37553  -0.84073512  0.05070959  
312  220.83067  1.1713897  0.04977832  
313  220.94264  0.71789708  0.0503807  
315  223.39813  -0.4365642  0.04227361  
319  225.2025  0.4923975  0.04256609  
320  158.37111  -0.86040846  0.04044293  
321  159.85805  -1.2451182  0.03944447  
322  159.92876  -0.70793702  0.02719358  
323  160.44369  -0.60057035  0.03641907  
335  162.5414  0.13758415  0.0501174  
337  163.32974  1.0526373  0.03730441  
339  163.24084  0.54163368  0.03930984  
340  163.29867  0.68898537  0.03753402  
341  165.63888  0.18729682  0.04979068  
342  165.77745  0.19428669  0.04977782  
343  166.00379  0.18201841  0.0496467  
344  169.61903  -0.83164227  0.04971086  
347  169.18054  -0.21329928  0.03950331  
348  169.39836  0.24985604  0.05322418  
349  169.64924  0.41976742  0.02502942  
350  170.10672  1.0668276  0.02303798  
353  171.06254  0.41889841  0.03966612  
356  171.90895  0.66418945  0.0291669  
357  215.61509  0.059059204  0.03167036  
359  216.5748  0.15433  0.05433347  
361  216.40848  1.0126345  0.05472433  
364  217.44188  -0.15240642  0.03010685  
365  217.34472  -0.82754393  0.04808114  
367  216.88066  -0.59100022  0.04957435  
371  162.3581  -0.56017127  0.05014241  
374  162.20423  -0.98736956  0.02614697  
375  162.22865  -0.70932096  0.02603709  
378  161.96128  -0.790182  0.05221032  
380  162.98346  -0.41749728  0.04805402  
385  162.73436  -0.79789964  0.03755802  
388  162.65328  -0.83108198  0.03768215  
390  164.30684  -0.8317685  0.03855626  
391  164.35813  -0.71444173  0.05399065  
394  164.12939  0.55886399  0.03806753  
395  164.13822  0.54568762  0.03828512  
396  164.97371  1.0960023  0.04985098  
398  167.16509  0.28432082  0.02485563  
399  167.14663  0.21605911  0.04209985  
401  167.17042  0.3917855  0.02531278  
402  167.79204  0.62517505  0.02505315  
403  167.65884  0.89113194  0.02513688  
406  168.23431  -0.90985576  0.03961598  
407  167.51747  -0.56651676  0.03963303  
409  167.86325  -0.28913822  0.04114856  
410  170.5812  -0.62087663  0.0401581  
411  170.3728  -0.58885009  0.04991531  
412  170.89598  -0.090130957  0.04832833  
413  170.63028  -0.017128795  0.04074237  
414  171.97675  -1.2257048  0.04205796  
415  171.10893  -0.42707792  0.04872853  
416  171.3441  -0.12091952  0.029541  
417  171.41658  -0.066802983  0.04012571  
419  171.46708  -0.92255555  0.04103979  
421  215.97523  -0.98393717  0.05239152  
423  215.84445  -0.93197744  0.0545384  
424  216.00782  -0.77357037  0.052235  
425  215.94452  -0.66410701  0.05255749  
426  215.68321  -1.0286977  0.03876558  
427  215.77429  0.81062074  0.05380911  
428  215.96583  0.83114803  0.03854642  
429  163.70822  14.124429  0.0327373  
430  163.90292  14.234473  0.03336952  
431  164.73001  14.840498  0.03330055  
432  169.41408  13.3756  0.04703936  
433  169.78795  13.548655  0.05089158  
434  169.45238  13.727665  0.0247841  
436  171.14913  14.414367  0.05186565  
437  193.22779  7.3462331  0.0509332  
439  195.01156  9.4081282  0.05435732  
449  194.83362  9.1867377  0.02786058  
451  194.56968  8.8575768  0.02750339  
452  194.60374  9.1183293  0.04592363  
455  194.68901  9.1524996  0.0462953  
457  194.46178  10.707208  0.03715014  
459  195.67555  8.1645224  0.04883288  
468  197.63555  8.5085688  0.03241227  
469  197.58893  7.9527695  0.04566316  
473  199.73276  6.5616922  0.04008407  
474  199.72198  6.5886549  0.04952318  
475  199.52506  6.8044252  0.04019268  
476  199.70215  6.94319  0.05352129  
477  199.47355  6.9653348  0.04040961  
480  199.35533  6.8809183  0.05308791  
483  199.2907  7.1625574  0.05303094  
495  199.31523  9.4339433  0.05201843  
496  199.35604  9.3221962  0.02196513  
497  172.04178  14.690255  0.03778081  
499  171.49502  15.504376  0.0280097  