172  151.17015  0.36990042  0.04458822  
179  150.97825  0.5826932  0.044733  
215  149.53812  0.60086726  0.04669769  
216  149.44456  0.67282345  0.04660738  
217  149.37023  0.58818421  0.04639048  
232  150.69088  0.53051483  0.0449676  
236  150.51703  0.6875303  0.04514595  
341  165.63888  0.18729682  0.04979068  
342  165.77745  0.19428669  0.04977782  
343  166.00379  0.18201841  0.0496467  
473  199.73276  6.5616922  0.04008407  
475  199.52506  6.8044252  0.04019268  
477  199.47355  6.9653348  0.04040961  