# ID  RA  Dec  zRS  
2  150.3962328  12.76496611  0.0209562  
3  150.7656114  12.94995216  0.0356539  
7  150.9450838  13.39447837  0.0427363  
10  153.7129031  13.33870279  0.0391514  
16  156.058002  12.22490948  0.0534972  
18  157.2456907  12.4508376  0.0322406  
19  157.2294183  12.57999631  0.0331347  
20  157.2250817  12.62964658  0.0331134  
21  157.7871275  13.09706542  0.0547657  
23  159.1153064  13.31595509  0.0329067  
24  159.150012  13.31283938  0.0328305  
26  159.0470709  13.17369376  0.0333956  
28  158.4582498  12.87834248  0.0252134  
30  160.8344088  14.32536206  0.0322947  
31  160.8212751  13.93156159  0.0328551  
32  160.9612441  14.01959006  0.0310625  
34  161.0863555  14.08446936  0.0325914  
35  161.0601755  14.10478203  0.0346723  
36  161.2032715  14.23038354  0.0326414  
37  161.022216  14.00327745  0.0352491  
39  161.26331  14.08039671  0.0339008  
40  161.2197667  14.30747137  0.0327811  
41  161.3669501  14.27325254  0.0335246  
45  234.7788313  9.296145808  0.0438573  
46  234.45206  9.316038272  0.0350799  
49  234.4077204  9.314863336  0.0351072  
50  236.8653134  8.32118623  0.0412666  
56  237.1960168  9.524059801  0.040181  
58  236.9937958  9.159131246  0.0389804  
59  237.032786  9.167134235  0.0390495  
60  236.9352739  9.017959863  0.051357  
61  237.0230599  9.118071437  0.0417945  
62  237.4783863  9.82865051  0.0458336  
64  237.0972352  9.105044543  0.041736  
65  237.068204  9.115921767  0.041717  
67  238.2473387  8.016475108  0.0410322  
78  203.9853986  13.34304739  0.0424086  
79  203.9562772  13.41753395  0.0422558  
80  203.9266454  13.33090812  0.0427826  
85  205.3207091  13.77546726  0.04523  
88  206.7723245  14.64439605  0.0427561  
89  208.7116931  14.13621663  0.0510103  
90  208.7811315  13.87639404  0.0399999  
91  208.875945  14.80289836  0.0396032  
92  208.8905232  14.76463503  0.0408058  
93  208.9511655  14.71397434  0.0407831  
95  208.9693485  14.37844598  0.0404303  
96  208.9946991  14.3871706  0.0516907  
97  208.9955575  13.86135977  0.0388879  
100  209.2665563  14.68324453  0.0408674  
101  165.8471595  12.82056085  0.0464123  
105  170.6689204  12.025576  0.0399321  
110  169.9242214  11.99014083  0.0398083  
112  171.8816034  12.14287749  0.0459582  
115  175.4361058  12.49364471  0.0341751  
116  175.4787319  12.50853456  0.0344976  
121  180.1191017  12.04246997  0.0432519  
122  180.209263  12.16763034  0.0401106  
123  180.2730363  11.84015129  0.0437855  
124  180.1088559  11.99591248  0.0438374  
127  180.0984568  11.93500481  0.0435647  
130  182.0128433  11.23847042  0.0317114  
135  231.812807  28.78899215  0.0343554  
136  235.1526536  28.51245801  0.0327536  
137  235.2531365  28.32304918  0.0322266  
138  235.2149683  28.34102606  0.0328793  
139  235.1338609  28.33734765  0.0310897  
140  235.1249974  28.36570847  0.0299841  
141  235.2497787  28.14537995  0.0319775  
142  235.4968314  28.24033537  0.0325928  
143  235.4320643  28.34549891  0.0327561  
144  235.4100742  28.3204649  0.0325989  
145  235.4278182  28.0710148  0.0333929  
146  235.3982548  28.04960626  0.0318915  
147  235.4797528  28.12257583  0.032089  
148  235.4336427  28.28682284  0.0331135  
149  235.3441205  28.22975358  0.0320883  
152  146.3654064  -0.343547671  0.0524839  
155  146.2318475  0.068224357  0.0216082  
156  146.5203177  0.871857262  0.0268083  
169  151.970465  -0.1537837  0.0461193  
181  151.6278849  1.141139409  0.0455989  
184  155.164213  0.002278444  0.0533902  
185  154.9279636  0.952993809  0.0531495  
192  156.7839431  0.965620647  0.0344383  
198  209.529404  -0.392480484  0.0295801  
199  209.8421569  0.206611577  0.0328472  
200  209.928063  1.11035922  0.048603  
201  209.9417284  1.075795503  0.0490064  
202  211.2192753  -0.611270575  0.0247308  
207  145.9696496  0.830923679  0.0363569  
211  146.0209337  0.733534659  0.0361773  
218  149.4302413  0.689937644  0.0458904  
224  150.1015385  0.70458863  0.0333727  
244  153.5832348  -0.858475159  0.0495739  
249  155.269544  0.68240886  0.0540924  
250  155.6306908  0.693027532  0.0336773  
253  205.4958844  0.601476702  0.0476894  
257  210.5440941  -0.236196108  0.0442528  
258  208.6860479  0.11511675  0.0298284  
260  212.0877781  -0.591276309  0.0523256  
261  212.0855918  -0.675441954  0.052524  
264  212.0066067  -0.225609442  0.0532891  
265  212.1035808  -0.589137031  0.0526762  
267  158.464007  -0.561364245  0.0313398  
268  159.7991301  -0.409475097  0.0187641  
270  159.8352155  -0.20024833  0.0187012  
271  163.6086897  0.663734092  0.0374336  
278  166.6930157  0.256686967  0.0419564  
279  166.6386492  0.280020659  0.0422501  
280  168.3664536  -0.056934537  0.0393729  
283  169.6790312  -0.361661672  0.0405755  
287  169.1037019  0.781881553  0.0459212  
288  168.9575052  0.993105729  0.0461249  
289  168.9558697  0.860409102  0.0458199  
290  169.0503083  1.238488811  0.0456985  
292  170.6986642  1.036065289  0.049627  
296  216.554085  0.860584511  0.0318209  
301  216.8348559  1.025840348  0.0256564  
303  216.873541  1.055843959  0.0257728  
304  217.0766874  1.129566613  0.0548844  
305  217.3023063  0.85042783  0.054372  
309  217.0188999  1.006276104  0.0256694  
311  220.8273712  -1.253467068  0.0497792  
314  223.4038329  0.005710703  0.043842  
316  223.1998082  0.033096617  0.0443467  
317  223.1331098  -0.16634335  0.0424437  
318  224.7910419  0.759581858  0.0410678  
324  159.8515862  -0.389298558  0.0185562  
325  160.8104861  -1.087394644  0.0382643  
326  160.9254995  -0.921759684  0.0397182  
327  160.8947661  -0.934240701  0.0387097  
328  160.6782133  -0.348292184  0.0187341  
329  160.9382409  -0.423249391  0.0391094  
330  162.4215071  0.363097599  0.0386683  
331  162.4774224  0.159077953  0.0389644  
332  162.7165467  0.589277063  0.0391623  
333  162.5949443  0.236391851  0.0394239  
334  162.5257055  0.333251406  0.0403292  
336  162.4952197  0.32230278  0.0389986  
338  163.1191759  1.061449611  0.039029  
345  168.5802003  0.179014951  0.0389127  
346  169.3870648  -0.187503376  0.0403385  
351  170.2000637  0.468571101  0.0241728  
352  171.0382557  0.700566972  0.0260055  
354  171.4941545  0.821497627  0.0492155  
355  172.0683212  0.891327983  0.0398945  
358  216.1382131  1.177316681  0.0387786  
360  216.1924891  1.170883582  0.0394439  
362  217.4243207  0.369021964  0.0537463  
363  217.4341846  0.081278315  0.0546585  
366  216.8813341  -0.922430345  0.0303446  
368  219.5687635  -0.349748026  0.0368981  
369  158.7107514  0.676396599  0.0320346  
370  159.2390341  0.229750592  0.0292244  
372  162.4400757  -0.838954119  0.0378281  
373  162.630147  -0.797703001  0.0376332  
376  162.3536057  -0.429883596  0.0385065  
377  162.4655204  0.164234732  0.0395191  
379  163.0620833  -0.955501958  0.0489904  
381  162.8869645  -1.002885645  0.0373052  
382  162.9005812  -1.087876085  0.038295  
383  162.9100373  -1.126171325  0.0381025  
384  162.7158859  -0.903378296  0.038083  
386  162.4724517  -0.39295795  0.0380725  
387  162.4063318  -0.907113334  0.0383637  
389  162.2894743  -0.908574814  0.0380423  
392  164.5735743  1.141858389  0.0398795  
393  164.6316869  0.904620889  0.0400991  
397  164.8243906  1.153475354  0.0394856  
400  167.2849923  0.707279979  0.0385487  
404  167.6808421  1.227744848  0.037714  
405  168.0196835  0.267972818  0.0399589  
408  167.5856408  -0.12230257  0.0482534  
418  171.4480414  -0.712358533  0.0263045  
420  214.3830918  1.1408644  0.0543164  
422  216.045824  -0.67891005  0.0504737  
435  170.8139936  13.39124556  0.0385303  
438  193.2078087  7.132156553  0.0500429  
440  195.0372321  8.690933881  0.0462685  
441  194.8944203  8.744477753  0.0464191  
442  194.9527054  8.932747334  0.0461593  
443  194.9251493  8.936742819  0.0469067  
444  194.9828482  8.784963774  0.0462283  
445  194.8417992  8.918790479  0.0466013  
446  195.0329742  8.705639953  0.0459641  
447  194.7419098  9.31033029  0.0541161  
448  194.775694  9.354159251  0.0540704  
450  194.727564  9.300917651  0.0540042  
453  194.6774523  9.217112514  0.0454653  
454  194.0944756  9.310431146  0.0536172  
456  194.6630749  9.243823054  0.0449522  
458  195.1927579  7.490448078  0.0482822  
460  195.3717941  7.841608011  0.0454477  
461  195.7916174  7.548588711  0.0487514  
462  195.6806751  7.672174035  0.0491788  
463  195.8816003  7.967971619  0.0465842  
464  195.8977924  7.996851197  0.0463183  
465  195.8213072  7.782148701  0.0445504  
466  195.907648  7.90398496  0.0461022  
467  195.9224324  7.515697555  0.0489157  
470  197.738571  8.627347761  0.0521899  
471  197.9371176  8.751074  0.0510639  
472  198.0173769  8.667204168  0.0505324  
478  199.4564291  7.16729236  0.0498493  
479  199.5264383  7.127233621  0.0502956  
481  199.3422862  6.842144602  0.0517859  
482  199.3256931  7.038906498  0.0527597  
484  199.314573  6.401695134  0.0235383  
485  199.2566847  6.357078458  0.0236115  
486  199.1350288  7.032888089  0.052654  
487  199.1150241  7.035102392  0.0505617  
488  199.1451298  7.120776699  0.0507537  
489  199.1540901  7.08590483  0.0476961  
490  199.1324856  7.000246947  0.0494092  
491  199.1535746  7.015194549  0.0474542  
492  199.2601013  7.166195511  0.0478118  
493  199.1926557  7.219286362  0.050799  
494  199.2180113  7.259741508  0.0506123  
498  171.4377077  14.67657311  0.0340127  
500  174.081251  15.49788156  0.0363849  